A = [-0.0068909048699667508129585103576364 0;
     1.2689601318043770646157656936667 -0.041345429219800504877751062145819];
B = [1 1 0 -36;
     73 19 9 -1657.349999999999870839276406354];
C = [0.0033076343375840403868259350368931 0;
     -0.028199114040097268131509270530017 0.00076565609666297231333662845056432];
D = [0 0 0 8.6399999999999999822680185030046;
     0 0 0 36.829999999999997167555035797123];